   0.88743   -0.88743
 -0.154538   0.154538
  0.894419  -0.894419
  0.697782  -0.697782
 -0.187942   0.187942
  0.793357  -0.793357
   0.24281   -0.24281
  0.727993  -0.727993
  0.727999  -0.727999
  0.724817  -0.724817
  0.617786  -0.617786
 -0.484198   0.484198
 -0.291001   0.291001
  0.146456  -0.146456
  0.404112  -0.404112
 -0.227471   0.227471
   1.00189   -1.00189
  0.827011  -0.827011
  0.591079  -0.591079
  0.204126  -0.204126
  0.307845  -0.307845
 -0.482811   0.482811
-0.0881957  0.0881957
 -0.985207   0.985207
 -0.496262   0.496262
 -0.667236   0.667236
   0.59345   -0.59345
 0.0320656 -0.0320656
  0.544085  -0.544085
  0.674772  -0.674772
  0.647933  -0.647933
   1.45091   -1.45091
  0.477981  -0.477981
  0.580135  -0.580135
